{
 "cells": [
  {
   "cell_type": "markdown",
   "id": "ccdc5ebb",
   "metadata": {},
   "source": [
    "# ReGroup Demo\n",
    "\n",
    "Welcome to ReGroup demo Jupyter presentation. This demo consists of two parts which can be run separately. \n",
    "\n",
    "Part I concerns symmetry determination, correction and symmetrization of some points in n-dimensional space. Presumably those points can be seen as  vertices of a distorted polytope.\n",
    "\n",
    "Part II allows to find and correct molecular symmetry and symmetrize a molecule; Part II uses nglview to visualize molecule and symmetry.\n",
    "\n",
    "# Part I. Finding & correcting the symmetry of a distorted polytope"
   ]
  },
  {
   "cell_type": "markdown",
   "id": "c260fe0f",
   "metadata": {},
   "source": [
    "## 1. Select polytope type:\n",
    "Run the code below to see selection widget"
   ]
  },
  {
   "cell_type": "code",
   "execution_count": 1,
   "id": "6c72743d",
   "metadata": {},
   "outputs": [],
   "source": [
    "import ipywidgets as wdg\n",
    "import numpy as np\n",
    "from IPython.display import display, clear_output, Markdown\n",
    "import polytope as ptp\n",
    "from math import sqrt\n",
    "from symmfinder import symmetry_finder, inclusive_closure\n",
    "from grpcorr import multab_group_correction"
   ]
  },
  {
   "cell_type": "code",
   "execution_count": 2,
   "id": "d856a5c1",
   "metadata": {},
   "outputs": [
    {
     "data": {
      "application/vnd.jupyter.widget-view+json": {
       "model_id": "ba31fb9f728a435d9421c40ae82fabb4",
       "version_major": 2,
       "version_minor": 0
      },
      "text/plain": [
       "interactive(children=(RadioButtons(description='Polytope', options=('hypercube', 'hypercube dual polytope', 's…"
      ]
     },
     "metadata": {},
     "output_type": "display_data"
    }
   ],
   "source": [
    "\n",
    "pchoice = wdg.RadioButtons( options=[\"hypercube\",\"hypercube dual polytope\",\"simplex\",\n",
    "                                    \"dodecahedron (3D)\",\"icositetrachoron (4D)\", \"hexacosichoron (4D)\"], \n",
    "                           description = \"Polytope\")\n",
    "dchoice = wdg.IntSlider(min=1, max=7, disabled=False, value = 1, description = 'Dimension')\n",
    "\n",
    "def dchoice_update(*args):\n",
    "    off = False\n",
    "    if pchoice.index == 3:\n",
    "        dchoice.value=3 \n",
    "        dchoice.disabled = True\n",
    "    elif pchoice.index in [4,5]:\n",
    "        dchoice.value=4\n",
    "        dchoice.disabled = True\n",
    "    else:\n",
    "        dchoice.disabled = False\n",
    "\n",
    "def print_ptope(x,y):\n",
    "    print(\"You selected: \",x,\", D = \", y)\n",
    "        \n",
    "pchoice.observe(dchoice_update,'index')\n",
    "        \n",
    "wdg.interactive(print_ptope,x=pchoice,y=dchoice)"
   ]
  },
  {
   "cell_type": "markdown",
   "id": "2144428f",
   "metadata": {},
   "source": [
    "## 2. Enter polytope radius:\n",
    "Run the code below to see the input widget, make sure you did not run the code above after selection of polytope type, otherwise select it again.\n",
    "\n",
    "By polytope radius we mean the distance between its center and vertices."
   ]
  },
  {
   "cell_type": "code",
   "execution_count": 3,
   "id": "00b4a9f9",
   "metadata": {},
   "outputs": [
    {
     "data": {
      "application/vnd.jupyter.widget-view+json": {
       "model_id": "0fbddf34d6d64f48aa803593ef6ef4fb",
       "version_major": 2,
       "version_minor": 0
      },
      "text/plain": [
       "BoundedFloatText(value=0.0, description='Radius', step=0.05)"
      ]
     },
     "metadata": {},
     "output_type": "display_data"
    }
   ],
   "source": [
    "rchoice = wdg.BoundedFloatText(description = \"Radius\", step = .05, min = 0e0)\n",
    "display(rchoice)"
   ]
  },
  {
   "cell_type": "markdown",
   "id": "9eb5cccd",
   "metadata": {},
   "source": [
    "## 3. Random distortion:\n",
    "Now you can randomly displace all the points along all coordinate axes. Provide the displacement amplitude in the widget below (run the code to see the widget)"
   ]
  },
  {
   "cell_type": "code",
   "execution_count": 4,
   "id": "f8d8c133",
   "metadata": {},
   "outputs": [
    {
     "data": {
      "application/vnd.jupyter.widget-view+json": {
       "model_id": "0e1dfbc6902949a7b2fd08cc615be764",
       "version_major": 2,
       "version_minor": 0
      },
      "text/plain": [
       "interactive(children=(Checkbox(value=True, description='Apply random distortion'), BoundedFloatText(value=0.0,…"
      ]
     },
     "metadata": {},
     "output_type": "display_data"
    }
   ],
   "source": [
    "distort = wdg.Checkbox(description = \"Apply random distortion\", value = True)\n",
    "epschoice = wdg.BoundedFloatText(description = \"Amplitude\", step = .05, min = 0e0)\n",
    "\n",
    "def epschoice_update(*args):\n",
    "    epschoice.disabled = not distort.value\n",
    "    if not distort.value:\n",
    "        epschoice.value = 0e0\n",
    "    \n",
    "distort.observe(epschoice_update,\"value\")\n",
    "\n",
    "def print_distort(d,eps):\n",
    "    print(\"Random distortion: \",d,\"; amplitude = \", eps)\n",
    "    \n",
    "wdg.interactive(print_distort, d=distort, eps = epschoice)"
   ]
  },
  {
   "cell_type": "markdown",
   "id": "1dd440fe",
   "metadata": {},
   "source": [
    "## 4. Generate the points:\n",
    "In the widgets below you can do one of two possible things: 1) generate the points according the choice you made; 2) copy and paste your own points from other source"
   ]
  },
  {
   "cell_type": "code",
   "execution_count": 5,
   "id": "b3aec319",
   "metadata": {},
   "outputs": [
    {
     "data": {
      "application/vnd.jupyter.widget-view+json": {
       "model_id": "6095de61e8fa4477a334e0e725a0a9e0",
       "version_major": 2,
       "version_minor": 0
      },
      "text/plain": [
       "HBox(children=(Button(description='Create polytope', style=ButtonStyle()), Button(description='Clear points', …"
      ]
     },
     "metadata": {},
     "output_type": "display_data"
    },
    {
     "data": {
      "text/markdown": [
       "## 5. Use generated points or (alternatively) copy&paste them here \n",
       "Format: n columns, space separated, where n is the space dimension"
      ],
      "text/plain": [
       "<IPython.core.display.Markdown object>"
      ]
     },
     "metadata": {},
     "output_type": "display_data"
    },
    {
     "data": {
      "application/vnd.jupyter.widget-view+json": {
       "model_id": "2f872a45bfca4c54b3cafdab137dd00f",
       "version_major": 2,
       "version_minor": 0
      },
      "text/plain": [
       "Textarea(value='', layout=Layout(width='100%'))"
      ]
     },
     "metadata": {},
     "output_type": "display_data"
    }
   ],
   "source": [
    "bcreate = wdg.Button(description = \"Create polytope\")\n",
    "bclear = wdg.Button(description = \"Clear points\")\n",
    "points_input = wdg.Textarea(layout=wdg.Layout(width='100%'))\n",
    "\n",
    "def create_polytope(*args):\n",
    "    i = pchoice.index\n",
    "    dim = dchoice.value\n",
    "    a = rchoice.value\n",
    "    eps = epschoice.value\n",
    "    if i==0:\n",
    "        points = ptp.hypercube(2*a/sqrt(dim),dim)\n",
    "    elif i==1:\n",
    "        points = ptp.hypercube_dual(a,dim)\n",
    "    elif i==2:\n",
    "        points = ptp.simplex(a,dim)\n",
    "    elif i==3:\n",
    "        points = ptp.dodecahedron(a)\n",
    "    elif i==4:\n",
    "        points = ptp.icositetrachoron(a)\n",
    "    elif i==5:\n",
    "        points = ptp.hexacosichoron(a)\n",
    "    else:\n",
    "        pass\n",
    "    if distort.value:\n",
    "        ptp.random_distortion(points,eps)\n",
    "    points_input.value = '\\n'.join([('{:10.6f}'*len(p)).format(*p) for p in points])\n",
    "    \n",
    "def clear_points(*args):\n",
    "    points_input.value = \"\"\n",
    "    \n",
    "bcreate.on_click(create_polytope)\n",
    "bclear.on_click(clear_points)\n",
    "display(wdg.HBox([bcreate,bclear]))\n",
    "display(Markdown(\"## 5. Use generated points or (alternatively) copy&paste them here \\\n",
    "\\nFormat: n columns, space separated, where n is the space dimension\"))\n",
    "display(points_input)"
   ]
  },
  {
   "cell_type": "markdown",
   "id": "fbbaf2b7",
   "metadata": {},
   "source": [
    "## 6. Select epsilon (tolerance) value for approximate symmetry operations"
   ]
  },
  {
   "cell_type": "code",
   "execution_count": 6,
   "id": "a32e4251",
   "metadata": {},
   "outputs": [
    {
     "data": {
      "application/vnd.jupyter.widget-view+json": {
       "model_id": "3292c6ff21744af4ba083c5c3595cb90",
       "version_major": 2,
       "version_minor": 0
      },
      "text/plain": [
       "BoundedFloatText(value=0.0, description='Tolerance', step=0.05)"
      ]
     },
     "metadata": {},
     "output_type": "display_data"
    }
   ],
   "source": [
    "eps1choice = wdg.BoundedFloatText(description = \"Tolerance\", step = .05, min = 0e0)\n",
    "display(eps1choice)"
   ]
  },
  {
   "cell_type": "markdown",
   "id": "f9ebacaf",
   "metadata": {},
   "source": [
    "## 7. Find approximate symmetry operations\n",
    "When points are created (step 5) and epsilon value is chosen, run the following step manually. It will find as many approximate symmetry operations as it can. The symmetry operations will be collected in the list G and corresponding points permutations - in the list P."
   ]
  },
  {
   "cell_type": "code",
   "execution_count": 8,
   "id": "d2c9871b",
   "metadata": {},
   "outputs": [
    {
     "name": "stdout",
     "output_type": "stream",
     "text": [
      "5 0.3\n",
      "Dot products matrix:    0.001 sec CPU time\n",
      "Point to point list:    0.001 sec CPU time\n",
      "Pair to pair list:      0.000 sec CPU time\n",
      "       477 approximate symmetry operations found\n",
      "Approximate symmetries search:      0.801 sec CPU time\n"
     ]
    }
   ],
   "source": [
    "points = [np.array([float(s) for s in l.split()]) for l in points_input.value.split('\\n')]\n",
    "dim = dchoice.value\n",
    "eps = eps1choice.value\n",
    "print(dim,eps)\n",
    "P,G = symmetry_finder(points,dim,eps)"
   ]
  },
  {
   "cell_type": "markdown",
   "id": "55cd6571",
   "metadata": {},
   "source": [
    "## 8. Perform closure\n",
    "If the points were displaced from symmetric configuration, it is highly likely that symmetry finder was not able to find all symmetry operations. In this case the set of operations found now is not a group since it is not closed with respect to multiplication. The following code will recover missing operations and build group multiplication table.\n",
    "\n",
    "**Warning: if the group size exceeds 1000 this might be time and memory consuming**"
   ]
  },
  {
   "cell_type": "code",
   "execution_count": 9,
   "id": "5fd5d386",
   "metadata": {},
   "outputs": [
    {
     "name": "stdout",
     "output_type": "stream",
     "text": [
      "Inclusive closure & multiplication table build:\n",
      "Multiplication table: 100.00% complete,    4.689 sec CPU time\n",
      "       243 new elements found,    4.712 sec CPU time spent\n",
      "Multiplication table: 100.00% complete,    6.067 sec CPU time\n",
      "         0 new elements found,    6.068 sec CPU time spent\n",
      "Total group size now:    720\n"
     ]
    }
   ],
   "source": [
    "Multab = inclusive_closure(P,G)"
   ]
  },
  {
   "cell_type": "markdown",
   "id": "f40a2845",
   "metadata": {},
   "source": [
    "## 9. Multiplication table based group correction\n",
    "Now it is time to apply the group correction algorithm and turn approximate symmetry operation into exact ones"
   ]
  },
  {
   "cell_type": "code",
   "execution_count": 10,
   "id": "f38b11d1",
   "metadata": {},
   "outputs": [
    {
     "name": "stdout",
     "output_type": "stream",
     "text": [
      "simple_grp_correct: iteration    0 error     96.344407278463322086\n",
      "simple_grp_correct: iteration    1 error      0.284836609706116239\n",
      "simple_grp_correct: iteration    2 error      0.000007585299355974\n",
      "simple_grp_correct: iteration    3 error      0.000000000000838068\n",
      "Convergence is achieved!\n"
     ]
    }
   ],
   "source": [
    "multab_group_correction(G,Multab,eps=1e-10)"
   ]
  },
  {
   "cell_type": "markdown",
   "id": "8c7b209f",
   "metadata": {},
   "source": [
    "## 10. Results\n",
    "You can see the group matrices one by one (which may be not very meaningful for large group) or save the group as a list of numpy arrays to a file"
   ]
  },
  {
   "cell_type": "code",
   "execution_count": 11,
   "id": "0dba245c",
   "metadata": {},
   "outputs": [
    {
     "data": {
      "application/vnd.jupyter.widget-view+json": {
       "model_id": "2657480ed1c24da7980ef374922e2009",
       "version_major": 2,
       "version_minor": 0
      },
      "text/plain": [
       "VBox(children=(BoundedIntText(value=0, description='SymmOp#', max=719), IntSlider(value=0, max=719)))"
      ]
     },
     "metadata": {},
     "output_type": "display_data"
    },
    {
     "data": {
      "application/vnd.jupyter.widget-view+json": {
       "model_id": "cb71045875f54b93986ef96a2dfae09a",
       "version_major": 2,
       "version_minor": 0
      },
      "text/plain": [
       "Textarea(value='', layout=Layout(height='100%', width='100%'))"
      ]
     },
     "metadata": {},
     "output_type": "display_data"
    }
   ],
   "source": [
    "def mtr_str(g):        \n",
    "    return '\\n'.join([(\"{:8.5f} \"*g.shape[1]).format(*g[i,:]) for i in range(g.shape[0])])\n",
    "        \n",
    "mchoice = wdg.IntSlider(min=0, max=len(G)-1, disabled=False, value = 0)                         \n",
    "ichoice = wdg.BoundedIntText(min=0, max=len(G)-1, disabled=False, value = 0, \n",
    "                             description = 'SymmOp#')\n",
    "mshow = wdg.Textarea(layout=wdg.Layout(width='100%',height='100%'))\n",
    "def mchoice_update(*args):\n",
    "    i = ichoice.value\n",
    "    mchoice.value = i\n",
    "    mshow.value=mtr_str(G[i])\n",
    "    \n",
    "def ichoice_update(*args):\n",
    "    i = mchoice.value\n",
    "    ichoice.value = i\n",
    "    mshow.value=mtr_str(G[i])\n",
    "    \n",
    "mchoice.observe(ichoice_update,'value')\n",
    "ichoice.observe(mchoice_update,'value')\n",
    "display(wdg.VBox([ichoice,mchoice]),mshow)\n"
   ]
  },
  {
   "cell_type": "markdown",
   "id": "30735d4a",
   "metadata": {},
   "source": [
    "## 11. Save the group\n",
    "Provide filename to save of leave it empty to output it below"
   ]
  },
  {
   "cell_type": "code",
   "execution_count": 12,
   "id": "8eace2ca",
   "metadata": {},
   "outputs": [
    {
     "data": {
      "application/vnd.jupyter.widget-view+json": {
       "model_id": "b14fab07303240658e480f60297786c1",
       "version_major": 2,
       "version_minor": 0
      },
      "text/plain": [
       "Text(value='', description='file to save:')"
      ]
     },
     "metadata": {},
     "output_type": "display_data"
    },
    {
     "data": {
      "application/vnd.jupyter.widget-view+json": {
       "model_id": "013503d42e744a08a2f56bb8a7b1203e",
       "version_major": 2,
       "version_minor": 0
      },
      "text/plain": [
       "Button(description='Save', style=ButtonStyle())"
      ]
     },
     "metadata": {},
     "output_type": "display_data"
    },
    {
     "name": "stdout",
     "output_type": "stream",
     "text": [
      "[array([[ 1.00000000e+00, -5.83530936e-18, -6.48487317e-19,\n",
      "         1.93213830e-18,  3.98067632e-19],\n",
      "       [ 5.83530936e-18,  1.00000000e+00, -2.81044522e-16,\n",
      "        -1.44401470e-16,  1.26387154e-18],\n",
      "       [ 6.48487317e-19,  3.64559202e-16,  1.00000000e+00,\n",
      "        -1.36408187e-16, -9.76858788e-18],\n",
      "       [-1.93213830e-18,  7.49560020e-17,  1.36576451e-16,\n",
      "         1.00000000e+00,  7.47622364e-18],\n",
      "       [-3.98067632e-19,  4.57063360e-18,  1.67432794e-18,\n",
      "         2.97936052e-18,  1.00000000e+00]]), array([[ 0.98474826, -0.01845848, -0.02101536,  0.10304176, -0.13737136],\n",
      "       [-0.01845848,  0.97766054, -0.02543394,  0.12470676, -0.16625432],\n",
      "       [-0.02101536, -0.02543394,  0.97104294,  0.14198121, -0.18928395],\n",
      "       [ 0.10304176,  0.12470676,  0.14198121,  0.30384288,  0.92809022],\n",
      "       [-0.13737136, -0.16625432, -0.18928395,  0.92809022, -0.23729462]]), array([[ 0.99306367, -0.01254157, -0.06586508,  0.0960948 ,  0.00973833],\n",
      "       [-0.01254157,  0.97732359, -0.11909062,  0.17374897,  0.01760787],\n",
      "       [-0.06586508, -0.11909062,  0.37456706,  0.91248434,  0.09247193],\n",
      "       [ 0.0960948 ,  0.17374897,  0.91248434, -0.3312821 , -0.13491325],\n",
      "       [ 0.00973833,  0.01760787,  0.09247193, -0.13491325,  0.98632778]]), array([[ 0.98809741, -0.01855201, -0.07270809,  0.12964717, -0.03499242],\n",
      "       [-0.01240289,  0.97749143, -0.11889953,  0.172812  ,  0.018857  ],\n",
      "       [ 0.01078704, -0.02632204,  0.480186  ,  0.39461739,  0.78287247],\n",
      "       [ 0.05664319,  0.12600247,  0.85812397, -0.0647443 , -0.49025132],\n",
      "       [-0.14207343, -0.16612301, -0.11670944,  0.89073729, -0.38103055]]), array([[ 9.98382892e-01,  4.51586874e-05,  2.49593992e-02,\n",
      "        -1.28462018e-02, -4.94328149e-02],\n",
      "       [ 4.51586874e-05,  9.99998739e-01, -6.97005664e-04,\n",
      "         3.58737619e-04,  1.38043996e-03],\n",
      "       [ 2.49593992e-02, -6.97005664e-04,  6.14761995e-01,\n",
      "         1.98275813e-01,  7.62975055e-01],\n",
      "       [-1.28462018e-02,  3.58737619e-04,  1.98275813e-01,\n",
      "         8.97950624e-01, -3.92691005e-01],\n",
      "       [-4.94328149e-02,  1.38043996e-03,  7.62975055e-01,\n",
      "        -3.92691005e-01, -5.11094250e-01]]), array([[ 0.98809741, -0.01240289,  0.01078704,  0.05664319, -0.14207343],\n",
      "       [-0.01855201,  0.97749143, -0.02632204,  0.12600247, -0.16612301],\n",
      "       [-0.07270809, -0.11889953,  0.480186  ,  0.85812397, -0.11670944],\n",
      "       [ 0.12964717,  0.172812  ,  0.39461739, -0.0647443 ,  0.89073729],\n",
      "       [-0.03499242,  0.018857  ,  0.78287247, -0.49025132, -0.38103055]]), array([[ 0.99989152,  0.00842772, -0.01175716,  0.00185115,  0.0020668 ],\n",
      "       [ 0.00842772,  0.34528017,  0.91337239, -0.14380968, -0.16056226],\n",
      "       [-0.01175716,  0.91337239, -0.2742078 ,  0.2006229 ,  0.22399373],\n",
      "       [ 0.00185115, -0.14380968,  0.2006229 ,  0.9684121 , -0.03526762],\n",
      "       [ 0.0020668 , -0.16056226,  0.22399373, -0.03526762,  0.96062401]]), array([[ 0.98463978, -0.01003077, -0.03277252,  0.10489291, -0.13530456],\n",
      "       [-0.01003077,  0.32294071,  0.88793845, -0.01910292, -0.32681658],\n",
      "       [-0.03277252,  0.88793845, -0.30316486,  0.34260411,  0.03470978],\n",
      "       [ 0.10489291, -0.01910292,  0.34260411,  0.27225498,  0.89282261],\n",
      "       [-0.13530456, -0.32681658,  0.03470978,  0.89282261, -0.27667061]]), array([[ 0.99382264, -0.00254541, -0.06938517,  0.08592837,  0.01058725],\n",
      "       [-0.07150342,  0.20075673,  0.15437291,  0.96354348, -0.04834216],\n",
      "       [ 0.01639013,  0.96426548, -0.00693052, -0.18932511,  0.18447607],\n",
      "       [ 0.08314379,  0.0031755 ,  0.9725508 , -0.15780317, -0.14939922],\n",
      "       [-0.00472136, -0.17283593,  0.15953561,  0.05877447,  0.97015432]]), array([[ 0.98757009, -0.0101126 , -0.07800057,  0.12817106, -0.0457291 ],\n",
      "       [ 0.02856331,  0.32186294,  0.29225482,  0.28748588,  0.85295215],\n",
      "       [-0.0463632 ,  0.88831798, -0.09339831,  0.23464064, -0.38073896],\n",
      "       [ 0.06564144, -0.0180068 ,  0.94843432, -0.0395561 , -0.30704172],\n",
      "       [-0.13202695, -0.3269081 , -0.01587872,  0.91885969, -0.17647862]]), array([[ 0.99785556,  0.00848457,  0.01966692, -0.01432231, -0.0601695 ],\n",
      "       [ 0.04101136,  0.34437025,  0.41045734,  0.11503262,  0.83547559],\n",
      "       [-0.03219084,  0.91394301,  0.04117768,  0.03829906, -0.40063638],\n",
      "       [-0.00384795, -0.14365053,  0.28858616,  0.92313882, -0.2094814 ],\n",
      "       [-0.03938634, -0.15940466,  0.86380577, -0.3645686 , -0.30654232]]), array([[ 0.98885638, -0.00240673,  0.00726695,  0.04647676, -0.1412245 ],\n",
      "       [-0.07751385,  0.20092457,  0.24714149,  0.91579698, -0.23207303],\n",
      "       [ 0.00954713,  0.96445657,  0.09868842, -0.24368548, -0.0247053 ],\n",
      "       [ 0.11669616,  0.00223853,  0.45468385,  0.10873463,  0.87625132],\n",
      "       [-0.04945211, -0.1715868 ,  0.84993616, -0.2965636 , -0.39720401]]), array([[ 0.9946901 , -0.06993497,  0.0246272 ,  0.07112621, -0.00593924],\n",
      "       [-0.06993497,  0.0789097 ,  0.32435662,  0.93677969, -0.07822369],\n",
      "       [ 0.0246272 ,  0.32435662,  0.88577969, -0.32988155,  0.02754602],\n",
      "       [ 0.07112621,  0.93677969, -0.32988155,  0.04726367,  0.07955612],\n",
      "       [-0.00593924, -0.07822369,  0.02754602,  0.07955612,  0.99335684]]), array([[ 0.98843754, -0.07750215,  0.0160118 ,  0.1133689 , -0.06225559],\n",
      "       [ 0.03013176,  0.20001592,  0.46223853,  0.26072209,  0.82307062],\n",
      "       [-0.03812613,  0.24840912,  0.7993119 ,  0.09408419, -0.537669  ],\n",
      "       [ 0.05362386,  0.91559739, -0.35399803,  0.16551073, -0.07808638],\n",
      "       [-0.13324483, -0.23229587, -0.14786831,  0.93964134, -0.15327609]]), array([[ 0.99382264, -0.07150342,  0.01639013,  0.08314379, -0.00472136],\n",
      "       [-0.00254541,  0.20075673,  0.96426548,  0.0031755 , -0.17283593],\n",
      "       [-0.06938517,  0.15437291, -0.00693052,  0.9725508 ,  0.15953561],\n",
      "       [ 0.08592837,  0.96354348, -0.18932511, -0.15780317,  0.05877447],\n",
      "       [ 0.01058725, -0.04834216,  0.18447607, -0.14939922,  0.97015432]]), array([[ 0.98885638, -0.07751385,  0.00954713,  0.11669616, -0.04945211],\n",
      "       [-0.00240673,  0.20092457,  0.96445657,  0.00223853, -0.1715868 ],\n",
      "       [ 0.00726695,  0.24714149,  0.09868842,  0.45468385,  0.84993616],\n",
      "       [ 0.04647676,  0.91579698, -0.24368548,  0.10873463, -0.2965636 ],\n",
      "       [-0.1412245 , -0.23207303, -0.0247053 ,  0.87625132, -0.39720401]]), array([[ 0.99307299, -0.06988981,  0.04958659,  0.05828001, -0.05537205],\n",
      "       [-0.06988981,  0.07890844,  0.32365962,  0.93713843, -0.07684325],\n",
      "       [ 0.04958659,  0.32365962,  0.50054169, -0.13160574,  0.79052108],\n",
      "       [ 0.05828001,  0.93713843, -0.13160574, -0.05478571, -0.31313489],\n",
      "       [-0.05537205, -0.07684325,  0.79052108, -0.31313489, -0.51773741]]), array([[ 0.99178669, -0.07144656,  0.0478142 ,  0.06697033, -0.06695766],\n",
      "       [ 0.03003823,  0.19984681,  0.46135043,  0.2620178 ,  0.82320193],\n",
      "       [-0.08981886,  0.15494353,  0.30845496,  0.81022696, -0.46509449],\n",
      "       [ 0.08022927,  0.96370263, -0.10136185, -0.20307644, -0.11543932],\n",
      "       [-0.03086588, -0.04718456,  0.82428811, -0.4787002 , -0.29701202]]), array([[ 0.99743672,  0.04102306, -0.02572617, -0.00717521, -0.05218982],\n",
      "       [ 0.04102306,  0.34346159,  0.41172497,  0.11483303,  0.83525276],\n",
      "       [-0.02572617,  0.41172497,  0.74180117, -0.07201349, -0.52379939],\n",
      "       [-0.00717521,  0.11483303, -0.07201349,  0.97991492, -0.14609138],\n",
      "       [-0.05218982,  0.83525276, -0.52379939, -0.14609138, -0.06261441]]), array([[ 0.98843754,  0.03013176, -0.03812613,  0.05362386, -0.13324483],\n",
      "       [-0.07750215,  0.20001592,  0.24840912,  0.91559739, -0.23229587],\n",
      "       [ 0.0160118 ,  0.46223853,  0.7993119 , -0.35399803, -0.14786831],\n",
      "       [ 0.1133689 ,  0.26072209,  0.09408419,  0.16551073,  0.93964134],\n",
      "       [-0.06225559,  0.82307062, -0.537669  , -0.07808638, -0.15327609]]), array([[ 0.99785556,  0.04101136, -0.03219084, -0.00384795, -0.03938634],\n",
      "       [ 0.00848457,  0.34437025,  0.91394301, -0.14365053, -0.15940466],\n",
      "       [ 0.01966692,  0.41045734,  0.04117768,  0.28858616,  0.86380577],\n",
      "       [-0.01432231,  0.11503262,  0.03829906,  0.92313882, -0.3645686 ],\n",
      "       [-0.0601695 ,  0.83547559, -0.40063638, -0.2094814 , -0.30654232]]), array([[ 0.98757009,  0.02856331, -0.0463632 ,  0.06564144, -0.13202695],\n",
      "       [-0.0101126 ,  0.32186294,  0.88831798, -0.0180068 , -0.3269081 ],\n",
      "       [-0.07800057,  0.29225482, -0.09339831,  0.94843432, -0.01587872],\n",
      "       [ 0.12817106,  0.28748588,  0.23464064, -0.0395561 ,  0.91885969],\n",
      "       [-0.0457291 ,  0.85295215, -0.38073896, -0.30704172, -0.17647862]]), array([[ 0.99178669,  0.03003823, -0.08981886,  0.08022927, -0.03086588],\n",
      "       [-0.07144656,  0.19984681,  0.15494353,  0.96370263, -0.04718456],\n",
      "       [ 0.0478142 ,  0.46135043,  0.30845496, -0.10136185,  0.82428811],\n",
      "       [ 0.06697033,  0.2620178 ,  0.81022696, -0.20307644, -0.4787002 ],\n",
      "       [-0.06695766,  0.82320193, -0.46509449, -0.11543932, -0.29701202]]), array([[ 0.99050039,  0.02848148, -0.09159125,  0.08891959, -0.04245149],\n",
      "       [ 0.02848148,  0.32078518,  0.29263435,  0.288582  ,  0.85286062],\n",
      "       [-0.09159125,  0.29263435,  0.11636823,  0.84047085, -0.43132746],\n",
      "       [ 0.08891959,  0.288582  ,  0.84047085, -0.35136718, -0.28100463],\n",
      "       [-0.04245149,  0.85286062, -0.43132746, -0.28100463, -0.07628663]]), array([[ 5.13049088e-01, -8.43671026e-01,  4.46230672e-03,\n",
      "        -1.47858756e-01,  5.58364570e-02],\n",
      "       [-8.43671026e-01, -4.61709552e-01,  7.73120821e-03,\n",
      "        -2.56173969e-01,  9.67399378e-02],\n",
      "       [ 4.46230672e-03,  7.73120821e-03,  9.99959108e-01,\n",
      "         1.35494380e-03, -5.11672514e-04],\n",
      "       [-1.47858756e-01, -2.56173969e-01,  1.35494380e-03,\n",
      "         9.55103870e-01,  1.69542943e-02],\n",
      "       [ 5.58364570e-02,  9.67399378e-02, -5.11672514e-04,\n",
      "         1.69542943e-02,  9.93597486e-01]]), array([[ 0.49779735, -0.86212951, -0.01655305, -0.044817  , -0.0815349 ],\n",
      "       [-0.86212951, -0.48404902, -0.01770273, -0.13146721, -0.06951438],\n",
      "       [-0.01655305, -0.01770273,  0.97100205,  0.14333615, -0.18979562],\n",
      "       [-0.044817  , -0.13146721,  0.14333615,  0.25894675,  0.94504452],\n",
      "       [-0.0815349 , -0.06951438, -0.18979562,  0.94504452, -0.24369714]]), array([[ 0.50611276, -0.8562126 , -0.06140277, -0.05176395,  0.06557479],\n",
      "       [-0.8562126 , -0.48438597, -0.11135941, -0.082425  ,  0.1143478 ],\n",
      "       [-0.06140277, -0.11135941,  0.37452617,  0.91383928,  0.09196026],\n",
      "       [-0.05176395, -0.082425  ,  0.91383928, -0.37617823, -0.11795895],\n",
      "       [ 0.06557479,  0.1143478 ,  0.09196026, -0.11795895,  0.97992526]]), array([[ 0.5011465 , -0.86222303, -0.06824578, -0.01821158,  0.02084404],\n",
      "       [-0.85607391, -0.48421812, -0.11116832, -0.08336197,  0.11559694],\n",
      "       [ 0.01524935, -0.01859083,  0.48014511,  0.39597233,  0.7823608 ],\n",
      "       [-0.09121557, -0.1301715 ,  0.85947891, -0.10964043, -0.47329702],\n",
      "       [-0.08623697, -0.06938307, -0.11722111,  0.90769158, -0.38743306]]), array([[ 0.51143198, -0.84362587,  0.02942171, -0.16070496,  0.00640364],\n",
      "       [-0.84362587, -0.46171081,  0.0070342 , -0.25581523,  0.09812038],\n",
      "       [ 0.02942171,  0.0070342 ,  0.6147211 ,  0.19963076,  0.76246338],\n",
      "       [-0.16070496, -0.25581523,  0.19963076,  0.85305449, -0.37573671],\n",
      "       [ 0.00640364,  0.09812038,  0.76246338, -0.37573671, -0.51749676]]), array([[ 0.5011465 , -0.85607391,  0.01524935, -0.09121557, -0.08623697],\n",
      "       [-0.86222303, -0.48421812, -0.01859083, -0.1301715 , -0.06938307],\n",
      "       [-0.06824578, -0.11116832,  0.48014511,  0.85947891, -0.11722111],\n",
      "       [-0.01821158, -0.08336197,  0.39597233, -0.10964043,  0.90769158],\n",
      "       [ 0.02084404,  0.11559694,  0.7823608 , -0.47329702, -0.38743306]]), array([[ 0.4904207 , -0.28906348, -0.81601361,  0.08105737,  0.05900273],\n",
      "       [-0.86629431, -0.16049985, -0.4690727 , -0.0603994 ,  0.00983221],\n",
      "       [-0.02824361,  0.89049544, -0.29598741,  0.34282253,  0.03292919],\n",
      "       [-0.04517276, -0.10382898,  0.1047792 ,  0.26501751,  0.95182246],\n",
      "       [-0.0786347 , -0.29482116,  0.12452049,  0.89555572, -0.29895095]]), array([[ 0.46528943, -0.28836168, -0.42812274, -0.11858383, -0.7092264 ],\n",
      "       [-0.87631857, -0.16021992, -0.3143524 , -0.14003146, -0.29659585],\n",
      "       [-0.04157714,  0.89086779, -0.09018987,  0.23690184, -0.37465882],\n",
      "       [-0.09294491, -0.10249491,  0.84212251, -0.11448125, -0.50850737],\n",
      "       [-0.07213939, -0.29500254,  0.0242682 ,  0.94715396, -0.10039839]]), array([[ 0.47557491, -0.26976451, -0.33045526, -0.26107721, -0.7236668 ],\n",
      "       [-0.86387053, -0.13771261, -0.19614987, -0.31248472, -0.31407241],\n",
      "       [-0.02740478,  0.91649282,  0.04438612,  0.04056026, -0.39455624],\n",
      "       [-0.1624343 , -0.22813864,  0.18227436,  0.84821367, -0.41094706],\n",
      "       [ 0.02050122, -0.12749909,  0.9039527 , -0.33627433, -0.23046209]]), array([[ 5.52754878e-01, -1.76357093e-01, -2.24108998e-01,\n",
      "        -7.82510349e-01, -2.85119453e-02],\n",
      "       [-8.33085298e-01, -1.00454644e-01, -1.53730918e-01,\n",
      "        -5.20471816e-01, -3.67919137e-02],\n",
      "       [ 1.35434595e-02,  9.66050616e-01,  1.00808691e-01,\n",
      "        -2.36088833e-01, -2.57381752e-02],\n",
      "       [-1.57225769e-02, -5.05801099e-02,  3.84428389e-01,\n",
      "        -1.42980679e-01,  9.10475586e-01],\n",
      "       [ 5.53678444e-04, -1.51640696e-01,  8.76466989e-01,\n",
      "        -2.01507398e-01, -4.10128246e-01]]), array([[ 0.55858859, -0.24388534, -0.20674875, -0.7578609 ,  0.10677332],\n",
      "       [-0.82550642, -0.22246951, -0.07651579, -0.4994891 ,  0.11705742],\n",
      "       [ 0.02862353,  0.32595066,  0.88789997, -0.3222849 ,  0.02651315],\n",
      "       [-0.06129253,  0.88396105, -0.40013701, -0.20445165,  0.11378039],\n",
      "       [ 0.04406655, -0.05827759,  0.05407685,  0.17461232,  0.98043261]]), array([[ 0.46615688, -0.35575124, -0.33411038, -0.133386  , -0.72575289],\n",
      "       [-0.87475013, -0.28206694, -0.14436868, -0.16679525, -0.32647739],\n",
      "       [-0.03334007,  0.25095893,  0.80252034,  0.0963454 , -0.53158887],\n",
      "       [-0.10496249,  0.83110928, -0.46030984,  0.09058558, -0.27955204],\n",
      "       [-0.07335727, -0.20039031, -0.10772139,  0.96793561, -0.07719586]]), array([[ 4.99603565e-01, -3.50536132e-01, -7.66850966e-01,\n",
      "         5.93082474e-02,  1.89585931e-01],\n",
      "       [-8.58808960e-01, -2.82683826e-01, -3.92745673e-01,\n",
      "        -3.81209822e-02,  1.63812858e-01],\n",
      "       [-6.48562614e-02,  1.56929899e-01,  2.46921149e-04,\n",
      "         9.72769224e-01,  1.57755024e-01],\n",
      "       [-6.41373037e-02,  8.78817424e-01, -4.27150015e-01,\n",
      "        -1.65040640e-01,  1.17774331e-01],\n",
      "       [ 6.72571180e-02, -1.63467407e-02,  2.74286778e-01,\n",
      "        -1.46666104e-01,  9.47873980e-01]]), array([[ 0.49463731, -0.35654657, -0.77369397,  0.09286062,  0.14485519],\n",
      "       [-0.85867027, -0.28251598, -0.39255458, -0.03905795,  0.16506199],\n",
      "       [ 0.01179586,  0.24969848,  0.10586586,  0.45490227,  0.84815557],\n",
      "       [-0.10358892,  0.83107092, -0.48151038,  0.10149716, -0.23756374],\n",
      "       [-0.08455464, -0.20007761,  0.06510541,  0.87898443, -0.41948435]]), array([[ 0.55697148, -0.24384018, -0.18178936, -0.7707071 ,  0.05734051],\n",
      "       [-0.82546126, -0.22247078, -0.07721279, -0.49913037,  0.11843786],\n",
      "       [ 0.05358293,  0.32525366,  0.50266196, -0.12400909,  0.7894882 ],\n",
      "       [-0.07413873,  0.88431979, -0.2018612 , -0.30650102, -0.27891062],\n",
      "       [-0.00536626, -0.05689715,  0.81705191, -0.21807869, -0.53066164]]), array([[ 0.46950603, -0.34969564, -0.30230797, -0.17978457, -0.73045496],\n",
      "       [-0.87484366, -0.28223605, -0.14525678, -0.16549954, -0.32634608],\n",
      "       [-0.0850328 ,  0.15749334,  0.3116634 ,  0.81248816, -0.45901436],\n",
      "       [-0.07835708,  0.87921452, -0.20767365, -0.2780016 , -0.31690497],\n",
      "       [ 0.02902167, -0.01527899,  0.86443504, -0.45040593, -0.22093179]]), array([[ 0.47515606, -0.23722603, -0.37584834, -0.25393011, -0.71568712],\n",
      "       [-0.86385883, -0.13862126, -0.19488225, -0.31268431, -0.31429525],\n",
      "       [-0.02094011,  0.41427478,  0.74500961, -0.06975229, -0.51771925],\n",
      "       [-0.16576156,  0.03034492, -0.1783253 ,  0.90498977, -0.34755704],\n",
      "       [ 0.00769774,  0.86715832, -0.48365246, -0.11779712,  0.01346582]]), array([[ 0.55233603, -0.14381861, -0.26950208, -0.77536325, -0.02053227],\n",
      "       [-0.8330736 , -0.1013633 , -0.15246329, -0.5206714 , -0.03701475],\n",
      "       [ 0.02000814,  0.46383257,  0.80143218, -0.34640139, -0.14890118],\n",
      "       [-0.01904984,  0.20790345,  0.02382874, -0.08620458,  0.97386561],\n",
      "       [-0.0122498 ,  0.84301672, -0.51113817,  0.01696982, -0.16620033]]), array([[ 0.49335101, -0.25046941, -0.82960429,  0.0418059 ,  0.06228034],\n",
      "       [-0.86637614, -0.16157761, -0.46869318, -0.05930328,  0.00974068],\n",
      "       [-0.07347166,  0.29481181, -0.08622087,  0.94865274, -0.01765931],\n",
      "       [-0.02189461,  0.20275982, -0.00318427, -0.04679357,  0.97785955],\n",
      "       [ 0.01094077,  0.88494757, -0.29092825, -0.3043086 , -0.19875896]]), array([[ 4.68219732e-01, -2.49767600e-01, -4.41713424e-01,\n",
      "        -1.57835303e-01, -7.05948792e-01],\n",
      "       [-8.76400404e-01, -1.61297678e-01, -3.13972868e-01,\n",
      "        -1.38935339e-01, -2.96687379e-01],\n",
      "       [-8.68051872e-02,  2.95184156e-01,  1.19576674e-01,\n",
      "         8.42732052e-01, -4.25247318e-01],\n",
      "       [-6.96667587e-02,  2.04093884e-01,  7.34159043e-01,\n",
      "        -4.26292329e-01, -4.82470287e-01],\n",
      "       [ 1.74360686e-02,  8.84766187e-01, -3.91180531e-01,\n",
      "        -2.52710363e-01, -2.06398878e-04]]), array([[ 0.55121194, -0.24805014, -0.21843931, -0.75821666,  0.10967353],\n",
      "       [-0.25244039,  0.10107965,  0.83168238, -0.47185087, -0.10824935],\n",
      "       [-0.77083703, -0.12541931, -0.3790895 , -0.36084185,  0.34082926],\n",
      "       [ 0.06458183,  0.95502886, -0.20065063, -0.19838089,  0.06429159],\n",
      "       [ 0.18460418,  0.021069  ,  0.27680167,  0.18139027,  0.92517879]]), array([[ 0.54495939, -0.14798342, -0.28119264, -0.77571901, -0.01763206],\n",
      "       [-0.26000758,  0.22218587,  0.75573488, -0.49303317, -0.26232153],\n",
      "       [-0.77945242,  0.0124626 , -0.46555729, -0.38495833,  0.16541493],\n",
      "       [ 0.10682452,  0.27897126,  0.22331512, -0.08013382,  0.92437681],\n",
      "       [ 0.12828783,  0.92236331, -0.28841336,  0.02374777, -0.22145414]]), array([[ 0.54548671, -0.18894962, -0.22404239, -0.78471727, -0.02767854],\n",
      "       [-0.26844699,  0.87781435, -0.15890513, -0.3490239 , -0.10153643],\n",
      "       [-0.77415994, -0.39869174,  0.10802702, -0.47526868,  0.06458421],\n",
      "       [ 0.10830063,  0.16429738,  0.38329187, -0.10532202,  0.89625441],\n",
      "       [ 0.13902452,  0.08826815,  0.87519807, -0.15946183, -0.42600607]]), array([[ 0.54917599, -0.24799329, -0.18701523, -0.77439013,  0.04743723],\n",
      "       [-0.21985675,  0.10016973,  0.32876733, -0.21300857,  0.8877885 ],\n",
      "       [-0.79127071, -0.12484869, -0.06370401, -0.52316569, -0.28380084],\n",
      "       [ 0.05888273,  0.95518801, -0.11268737, -0.24365417, -0.1099222 ],\n",
      "       [ 0.14315105,  0.0222266 ,  0.91661371, -0.14791072, -0.34198754]]), array([[ 4.99603565e-01, -8.58808960e-01, -6.48562614e-02,\n",
      "        -6.41373037e-02,  6.72571180e-02],\n",
      "       [-3.50536132e-01, -2.82683826e-01,  1.56929899e-01,\n",
      "         8.78817424e-01, -1.63467407e-02],\n",
      "       [-7.66850966e-01, -3.92745673e-01,  2.46921149e-04,\n",
      "        -4.27150015e-01,  2.74286778e-01],\n",
      "       [ 5.93082474e-02, -3.81209822e-02,  9.72769224e-01,\n",
      "        -1.65040640e-01, -1.46666104e-01],\n",
      "       [ 1.89585931e-01,  1.63812858e-01,  1.57755024e-01,\n",
      "         1.17774331e-01,  9.47873980e-01]]), array([[ 0.49463731, -0.85867027,  0.01179586, -0.10358892, -0.08455464],\n",
      "       [-0.35654657, -0.28251598,  0.24969848,  0.83107092, -0.20007761],\n",
      "       [-0.77369397, -0.39255458,  0.10586586, -0.48151038,  0.06510541],\n",
      "       [ 0.09286062, -0.03905795,  0.45490227,  0.10149716,  0.87898443],\n",
      "       [ 0.14485519,  0.16506199,  0.84815557, -0.23756374, -0.41948435]]), array([[ 0.49309437, -0.35313249, -0.77030445,  0.0469349 ,  0.19126826],\n",
      "       [-0.35313249, -0.08098169, -0.12445636,  0.92312144,  0.03311831],\n",
      "       [-0.77030445, -0.12445636, -0.37403233, -0.36822007,  0.34008154],\n",
      "       [ 0.0469349 ,  0.92312144, -0.36822007,  0.04609695,  0.08906718],\n",
      "       [ 0.19126826,  0.03311831,  0.34008154,  0.08906718,  0.9158227 ]]), array([[ 0.46299684, -0.352292  , -0.30576146, -0.19215792, -0.72877262],\n",
      "       [-0.36916719, -0.08053391,  0.12303253,  0.79574289, -0.45704062],\n",
      "       [-0.79048099, -0.12389292, -0.06261585, -0.52850113, -0.27668784],\n",
      "       [ 0.03271512,  0.92351854, -0.14874371, -0.06686401, -0.34561212],\n",
      "       [ 0.15303282,  0.03418606,  0.9302298 , -0.21467265, -0.25298307]]), array([[ 0.48684182, -0.25306577, -0.83305778,  0.02943254,  0.06396267],\n",
      "       [-0.36069968,  0.04012453, -0.20040386,  0.90193914, -0.12095386],\n",
      "       [-0.77891985,  0.01342555, -0.46050012, -0.39233656,  0.16466721],\n",
      "       [ 0.08917759,  0.24706384,  0.05574567,  0.16434402,  0.9491524 ],\n",
      "       [ 0.13495191,  0.93441263, -0.22513348, -0.06857532, -0.23081024]]), array([[ 0.46171054, -0.25236396, -0.44516691, -0.17020865, -0.70426646],\n",
      "       [-0.37072394,  0.04040446, -0.04568356,  0.82230709, -0.42738192],\n",
      "       [-0.79225338,  0.0137979 , -0.25470258, -0.49825725, -0.2429208 ],\n",
      "       [ 0.04140544,  0.2483979 ,  0.79308898, -0.21515474, -0.51117744],\n",
      "       [ 0.14144721,  0.93423124, -0.32538576, -0.01697708, -0.03225768]]), array([[ 0.48315254, -0.30165601, -0.81594701,  0.07885045,  0.05983614],\n",
      "       [-0.30165601,  0.81776915, -0.47424692,  0.11104851, -0.05491231],\n",
      "       [-0.81594701, -0.47424692, -0.28876908,  0.10364268,  0.12325157],\n",
      "       [ 0.07885045,  0.11104851,  0.10364268,  0.30267616,  0.93760128],\n",
